%YAML:1.0
---
model_type: PINHOLE
camera_name: camera
image_width: 739
image_height: 458
distortion_parameters:
   k1: 0.0
   k2: 0.0
   p1: 0.0
   p2: 0.0
projection_parameters:
   fx: 726.28741455078
   fy: 726.28741455078
   cx: 354.6496887207
   cy: 186.46566772461
